0.250000	74.931000	0.152000
0.500000	73.531000	0.154000
0.750000	69.997000	0.163000
1.000000	68.284000	0.166000
1.250000	67.740000	0.169000
1.500000	66.897000	0.171000
1.750000	66.354000	0.173000
2.000000	65.416000	0.175000
2.250000	64.559000	0.178000
2.500000	63.553000	0.181000
2.750000	62.955000	0.183000
3.000000	61.759000	0.185000
3.250000	61.038000	0.188000
3.500000	60.427000	0.190000
3.750000	59.353000	0.193000
4.000000	58.293000	0.196000
4.250000	57.205000	0.198000
4.500000	56.321000	0.201000
4.750000	55.261000	0.203000
5.000000	54.595000	0.206000
5.250000	53.997000	0.208000
5.500000	53.127000	0.211000
5.750000	52.529000	0.214000
6.000000	51.849000	0.216000
6.250000	51.387000	0.218000
6.500000	50.639000	0.221000
6.750000	49.810000	0.223000
7.000000	49.035000	0.226000
7.250000	48.940000	0.228000
7.500000	48.464000	0.231000
7.750000	48.152000	0.233000
8.000000	47.920000	0.236000
8.250000	47.241000	0.238000
8.500000	46.928000	0.241000
8.750000	46.534000	0.243000
9.000000	46.058000	0.246000
9.250000	45.569000	0.248000
9.500000	45.310000	0.251000
9.750000	44.971000	0.254000
10.000000	45.039000	0.256000
10.250000	44.468000	0.259000
10.500000	43.788000	0.261000
10.750000	43.652000	0.264000
11.000000	43.380000	0.266000
11.250000	43.598000	0.269000
11.500000	43.353000	0.271000
11.750000	42.483000	0.274000
12.000000	42.320000	0.276000
12.250000	42.333000	0.279000
12.500000	41.844000	0.281000
12.750000	41.613000	0.284000
13.000000	41.463000	0.286000
13.250000	41.056000	0.289000
13.500000	40.675000	0.291000
13.750000	40.145000	0.294000
14.000000	39.859000	0.296000
14.250000	39.411000	0.299000
14.500000	38.908000	0.301000
14.750000	38.582000	0.304000
15.000000	38.011000	0.306000
15.250000	37.630000	0.309000
15.500000	37.141000	0.311000
15.750000	36.719000	0.314000
16.000000	36.325000	0.317000
16.250000	36.039000	0.319000
16.500000	35.455000	0.321000
16.750000	35.224000	0.324000
17.000000	34.816000	0.326000
17.250000	34.694000	0.329000
17.500000	34.408000	0.332000
17.750000	34.082000	0.334000
18.000000	33.864000	0.337000
18.250000	33.579000	0.339000
18.500000	33.416000	0.342000
18.750000	33.321000	0.344000
19.000000	33.661000	0.347000
19.250000	33.185000	0.349000
19.500000	33.022000	0.352000
19.750000	32.750000	0.354000
20.000000	32.532000	0.357000
20.250000	32.179000	0.359000
20.500000	32.342000	0.362000
20.750000	31.866000	0.364000
21.000000	31.730000	0.367000
21.250000	31.662000	0.369000
21.500000	31.594000	0.372000
21.750000	31.526000	0.374000
22.000000	31.431000	0.377000
22.250000	31.336000	0.380000
22.500000	31.132000	0.382000
22.750000	31.227000	0.384000
23.000000	31.268000	0.387000
23.250000	31.146000	0.390000
23.500000	31.051000	0.392000
23.750000	30.819000	0.395000
24.000000	30.779000	0.397000
24.250000	30.751000	0.400000
24.500000	30.847000	0.402000
24.750000	30.887000	0.405000
25.000000	30.656000	0.407000
25.250000	30.412000	0.410000
25.500000	31.214000	0.412000
25.750000	30.819000	0.415000
26.000000	30.384000	0.417000
26.250000	29.963000	0.420000
26.500000	29.705000	0.422000
26.750000	29.786000	0.425000
27.000000	29.637000	0.427000
27.250000	29.610000	0.430000
27.500000	29.569000	0.432000
27.750000	29.555000	0.435000
28.000000	29.678000	0.437000
28.250000	29.977000	0.440000
28.500000	29.678000	0.442000
28.750000	29.759000	0.445000
29.000000	29.474000	0.447000
29.250000	29.406000	0.450000
29.500000	29.270000	0.452000
29.750000	29.324000	0.455000
30.000000	29.175000	0.457000
30.250000	29.215000	0.460000
30.500000	29.188000	0.463000
30.750000	29.066000	0.465000
31.000000	28.685000	0.468000
31.250000	28.876000	0.470000
31.500000	28.590000	0.473000
31.750000	28.359000	0.475000
32.000000	28.386000	0.478000
32.250000	28.386000	0.480000
32.500000	28.373000	0.483000
32.750000	28.345000	0.485000
33.000000	28.277000	0.488000
33.250000	28.291000	0.490000
33.500000	28.291000	0.493000
33.750000	28.413000	0.495000
34.000000	28.386000	0.498000
34.250000	28.427000	0.500000
34.500000	28.196000	0.503000
34.750000	28.264000	0.505000
35.000000	28.318000	0.508000
35.250000	28.318000	0.510000
35.500000	28.223000	0.513000
35.750000	28.128000	0.515000
36.000000	28.373000	0.518000
36.250000	28.291000	0.521000
36.500000	28.318000	0.523000
36.750000	28.250000	0.526000
37.000000	28.237000	0.528000
37.250000	28.169000	0.531000
37.500000	28.101000	0.533000
37.750000	28.141000	0.536000
38.000000	28.033000	0.538000
38.250000	28.060000	0.541000
38.500000	28.073000	0.543000
38.750000	27.992000	0.546000
39.000000	27.938000	0.548000
39.250000	27.978000	0.551000
39.500000	27.924000	0.553000
39.750000	27.883000	0.556000
40.000000	27.815000	0.558000
40.250000	27.815000	0.561000
40.500000	27.802000	0.563000
40.750000	27.720000	0.566000
41.000000	27.666000	0.568000
41.250000	27.611000	0.571000
41.500000	27.557000	0.573000
41.750000	27.557000	0.576000
42.000000	27.571000	0.579000
42.250000	27.503000	0.581000
42.500000	27.380000	0.583000
42.750000	27.312000	0.586000
43.000000	26.877000	0.589000
43.250000	26.904000	0.591000
43.500000	26.741000	0.594000
43.750000	26.605000	0.596000
44.000000	26.347000	0.599000
44.250000	26.143000	0.601000
44.500000	27.271000	0.604000
44.750000	27.353000	0.606000
45.000000	27.448000	0.609000
45.250000	27.108000	0.611000
45.500000	26.891000	0.614000
45.750000	27.040000	0.616000
46.000000	26.864000	0.619000
46.250000	26.429000	0.621000
46.500000	26.605000	0.624000
46.750000	26.687000	0.626000
47.000000	26.442000	0.629000
47.250000	26.102000	0.631000
47.500000	25.926000	0.634000
47.750000	25.817000	0.637000
48.000000	25.735000	0.639000
48.250000	25.749000	0.642000
48.500000	25.586000	0.644000
48.750000	25.260000	0.647000
49.000000	25.314000	0.649000
49.250000	25.953000	0.651000
49.500000	26.701000	0.654000
49.750000	26.796000	0.657000
50.000000	26.972000	0.659000
50.250000	27.992000	0.662000
50.500000	27.788000	0.664000
50.750000	28.006000	0.667000
51.000000	27.747000	0.669000
51.250000	27.258000	0.672000
51.500000	26.836000	0.674000
51.750000	26.809000	0.677000
52.000000	26.932000	0.682000
52.250000	27.326000	0.683000
52.500000	27.747000	0.685000
52.750000	27.679000	0.688000
53.000000	27.910000	0.690000
53.250000	27.475000	0.693000
53.500000	27.380000	0.695000
53.750000	27.666000	0.698000
54.000000	27.679000	0.701000
54.250000	27.108000	0.703000
54.500000	27.326000	0.706000
54.750000	26.660000	0.708000
55.000000	25.776000	0.710000
55.250000	25.436000	0.713000
55.500000	24.933000	0.715000
55.750000	26.306000	0.718000
56.000000	26.102000	0.721000
56.250000	26.198000	0.723000
56.500000	26.592000	0.725000
56.750000	26.796000	0.728000
57.000000	26.918000	0.731000
57.250000	26.823000	0.733000
57.500000	27.462000	0.736000
57.750000	28.318000	0.738000
58.000000	28.685000	0.741000
58.250000	28.916000	0.743000
58.500000	28.631000	0.746000
58.750000	27.992000	0.748000
59.000000	27.584000	0.751000
59.250000	27.774000	0.753000
59.500000	28.073000	0.756000
59.750000	28.373000	0.758000
60.000000	28.468000	0.761000
60.250000	28.495000	0.763000
60.500000	28.644000	0.766000
60.750000	27.638000	0.768000
61.000000	26.252000	0.771000
61.250000	26.225000	0.773000
61.500000	26.768000	0.776000
61.750000	26.374000	0.779000
62.000000	26.034000	0.781000
62.250000	25.858000	0.783000
62.500000	25.654000	0.786000
62.750000	25.654000	0.790000
63.000000	25.681000	0.791000
63.250000	25.871000	0.794000
63.500000	25.695000	0.796000
63.750000	25.708000	0.800000
64.000000	25.735000	0.801000
64.250000	25.871000	0.804000
64.500000	25.871000	0.806000
64.750000	26.048000	0.809000
65.000000	26.170000	0.811000
65.250000	27.571000	0.814000
65.500000	34.422000	0.816000
65.750000	29.229000	0.819000
66.000000	32.491000	0.821000
66.250000	27.652000	0.824000
66.500000	26.198000	0.826000
66.750000	25.735000	0.829000
67.000000	25.355000	0.831000
67.250000	24.988000	0.834000
67.500000	24.729000	0.836000
67.750000	24.553000	0.839000
68.000000	24.458000	0.841000
68.250000	24.036000	0.844000
68.500000	23.819000	0.847000
68.750000	23.737000	0.849000
69.000000	23.370000	0.852000
69.250000	23.180000	0.854000
69.500000	23.139000	0.857000
69.750000	23.248000	0.859000
70.000000	23.112000	0.862000
70.250000	23.234000	0.864000
70.500000	23.044000	0.867000
70.750000	22.949000	0.869000
71.000000	22.840000	0.872000
71.250000	22.690000	0.874000
71.500000	22.813000	0.877000
71.750000	22.853000	0.879000
72.000000	23.098000	0.882000
72.250000	23.356000	0.884000
72.500000	23.547000	0.887000
72.750000	23.873000	0.889000
73.000000	23.805000	0.892000
73.250000	23.574000	0.894000
73.500000	23.533000	0.897000
73.750000	23.914000	0.900000
74.000000	23.560000	0.902000
74.250000	23.696000	0.904000
74.500000	24.063000	0.907000
74.750000	24.933000	0.910000
75.000000	25.559000	0.912000
75.250000	26.116000	0.914000
75.500000	25.790000	0.917000
75.750000	27.897000	0.920000
76.000000	27.231000	0.922000
76.250000	25.463000	0.924000
76.500000	25.953000	0.927000
76.750000	27.380000	0.930000
77.000000	26.361000	0.932000
77.250000	25.966000	0.935000
77.500000	26.116000	0.937000
77.750000	26.143000	0.940000
78.000000	26.714000	0.942000
78.250000	26.660000	0.945000
78.500000	27.040000	0.947000
78.750000	27.231000	0.950000
79.000000	27.203000	0.952000
79.250000	27.584000	0.955000
79.500000	28.182000	0.957000
79.750000	29.011000	0.960000
80.000000	31.214000	0.962000
80.250000	30.874000	0.965000
80.500000	28.522000	0.967000
80.750000	27.638000	0.970000
81.000000	27.000000	0.972000
81.250000	27.870000	0.975000
81.500000	26.701000	0.977000
81.750000	26.130000	0.980000
82.000000	25.219000	0.983000
82.250000	24.186000	0.985000
82.500000	23.302000	0.987000
82.750000	22.799000	0.990000
83.000000	22.160000	0.993000
83.250000	21.848000	0.995000
83.500000	21.943000	0.998000
83.750000	21.793000	1.000000
84.000000	21.752000	1.003000
84.250000	22.038000	1.005000
84.500000	22.160000	1.008000
84.750000	21.875000	1.010000
85.000000	22.215000	1.013000
85.250000	22.582000	1.015000
85.500000	22.459000	1.018000
85.750000	23.030000	1.020000
86.000000	23.125000	1.023000
86.250000	23.030000	1.025000
86.500000	23.193000	1.028000
86.750000	23.193000	1.030000
87.000000	23.139000	1.033000
87.250000	23.288000	1.035000
87.500000	23.397000	1.038000
87.750000	23.411000	1.040000
88.000000	23.153000	1.043000
88.250000	23.384000	1.046000
88.500000	40.118000	1.048000
88.750000	34.925000	1.051000
89.000000	30.194000	1.053000
89.250000	27.040000	1.056000
89.500000	25.491000	1.058000
89.750000	23.574000	1.061000
90.000000	22.786000	1.063000
90.250000	22.024000	1.066000
90.500000	21.780000	1.068000
90.750000	21.548000	1.071000
91.000000	21.249000	1.073000
91.250000	21.168000	1.076000
91.500000	21.113000	1.078000
91.750000	21.005000	1.081000
92.000000	20.842000	1.083000
92.250000	20.733000	1.086000
92.500000	20.570000	1.088000
92.750000	20.502000	1.091000
93.000000	20.570000	1.093000
93.250000	20.610000	1.096000
93.500000	20.529000	1.099000
93.750000	20.665000	1.101000
94.000000	20.529000	1.104000
94.250000	20.719000	1.106000
94.500000	20.842000	1.109000
94.750000	20.937000	1.111000
95.000000	21.263000	1.114000
95.250000	21.589000	1.116000
95.500000	21.712000	1.119000
95.750000	21.875000	1.121000
96.000000	22.024000	1.124000
96.250000	21.943000	1.126000
96.500000	22.038000	1.129000
96.750000	22.201000	1.132000
97.000000	22.201000	1.134000
97.250000	22.242000	1.136000
97.500000	22.215000	1.139000
97.750000	22.378000	1.142000
98.000000	22.432000	1.144000
98.250000	22.473000	1.146000
98.500000	22.459000	1.149000
98.750000	22.418000	1.152000
99.000000	22.323000	1.154000
99.250000	22.351000	1.157000
99.500000	22.283000	1.159000
99.750000	22.187000	1.162000
100.000000	22.160000	1.164000
100.250000	22.119000	1.167000
100.500000	22.160000	1.169000
100.750000	22.283000	1.172000
101.000000	22.568000	1.174000
101.250000	22.650000	1.177000
101.500000	23.370000	1.179000
101.750000	23.751000	1.182000
102.000000	24.213000	1.184000
102.250000	25.994000	1.187000
102.500000	25.722000	1.189000
102.750000	27.883000	1.192000
103.000000	26.497000	1.194000
103.250000	25.531000	1.197000
103.500000	24.634000	1.199000
103.750000	26.333000	1.202000
104.000000	25.885000	1.205000
104.250000	25.735000	1.207000
104.500000	25.803000	1.210000
104.750000	25.572000	1.212000
105.000000	25.205000	1.215000
105.250000	24.838000	1.217000
105.500000	24.825000	1.220000
105.750000	25.124000	1.222000
106.000000	26.157000	1.225000
106.250000	28.413000	1.227000
106.500000	26.741000	1.230000
106.750000	34.463000	1.234000
107.000000	28.672000	1.235000
107.250000	22.527000	1.237000
107.500000	21.508000	1.240000
107.750000	21.059000	1.242000
108.000000	20.461000	1.245000
108.250000	20.189000	1.248000
108.500000	19.863000	1.250000
108.750000	19.686000	1.252000
109.000000	19.618000	1.255000
109.250000	19.700000	1.257000
109.500000	19.795000	1.260000
109.750000	19.985000	1.263000
110.000000	20.339000	1.265000
110.250000	20.597000	1.268000
110.500000	21.086000	1.270000
110.750000	21.141000	1.273000
111.000000	21.005000	1.275000
111.250000	20.828000	1.278000
111.500000	20.964000	1.280000
111.750000	21.304000	1.283000
112.000000	21.725000	1.285000
112.250000	37.915000	1.289000
112.500000	21.345000	1.290000
112.750000	26.877000	1.293000
113.000000	28.808000	1.295000
113.250000	25.232000	1.298000
113.500000	25.355000	1.300000
113.750000	30.235000	1.303000
114.000000	22.799000	1.305000
114.250000	20.760000	1.308000
114.500000	20.243000	1.310000
114.750000	19.768000	1.313000
115.000000	19.659000	1.316000
115.250000	19.509000	1.318000
115.500000	19.360000	1.320000
115.750000	19.346000	1.323000
116.000000	19.305000	1.325000
116.250000	19.292000	1.328000
116.500000	19.238000	1.330000
116.750000	19.333000	1.333000
117.000000	19.509000	1.335000
117.250000	19.713000	1.338000
117.500000	19.808000	1.341000
117.750000	19.999000	1.343000
118.000000	21.372000	1.346000
118.250000	24.213000	1.348000
118.500000	24.838000	1.351000
118.750000	23.683000	1.353000
119.000000	24.539000	1.356000
119.250000	25.028000	1.358000
119.500000	24.199000	1.361000
119.750000	23.139000	1.364000
120.000000	22.758000	1.366000
120.250000	22.418000	1.368000
120.500000	33.158000	1.371000
120.750000	22.351000	1.373000
121.000000	22.894000	1.376000
121.250000	20.964000	1.378000
121.500000	20.012000	1.381000
121.750000	19.509000	1.384000
122.000000	19.238000	1.386000
122.250000	19.088000	1.389000
122.500000	19.292000	1.391000
122.750000	19.428000	1.394000
123.000000	20.121000	1.396000
123.250000	20.379000	1.399000
123.500000	20.012000	1.401000
123.750000	19.985000	1.404000
124.000000	20.094000	1.406000
124.250000	20.067000	1.409000
124.500000	21.888000	1.411000
124.750000	34.259000	1.414000
125.000000	24.566000	1.416000
125.250000	22.894000	1.419000
125.500000	22.405000	1.421000
125.750000	22.283000	1.424000
126.000000	24.838000	1.427000
126.250000	26.646000	1.429000
126.500000	26.007000	1.431000
126.750000	22.663000	1.434000
127.000000	21.426000	1.437000
127.250000	23.574000	1.439000
127.500000	24.716000	1.441000
127.750000	23.465000	1.444000
128.000000	22.473000	1.446000
128.250000	21.929000	1.449000
128.500000	21.576000	1.452000
128.750000	21.249000	1.454000
129.000000	21.018000	1.457000
129.250000	20.719000	1.459000
129.500000	20.638000	1.462000
129.750000	20.529000	1.465000
130.000000	20.502000	1.467000
130.250000	20.502000	1.469000
130.500000	20.420000	1.472000
130.750000	20.298000	1.475000
131.000000	20.203000	1.477000
131.250000	20.121000	1.480000
131.500000	20.162000	1.482000
131.750000	20.121000	1.485000
132.000000	20.067000	1.487000
132.250000	20.012000	1.490000
132.500000	19.999000	1.492000
132.750000	20.053000	1.495000
133.000000	20.094000	1.497000
133.250000	20.298000	1.500000
133.500000	20.910000	1.502000
133.750000	21.195000	1.505000
134.000000	21.086000	1.507000
134.250000	20.910000	1.510000
134.500000	20.896000	1.512000
134.750000	20.855000	1.515000
135.000000	20.760000	1.517000
135.250000	21.249000	1.520000
135.500000	22.119000	1.522000
135.750000	21.372000	1.525000
136.000000	22.962000	1.527000
136.250000	23.424000	1.530000
136.500000	21.045000	1.532000
136.750000	21.820000	1.535000
137.000000	24.254000	1.538000
137.250000	30.276000	1.540000
137.500000	31.282000	1.541000
137.750000	22.867000	1.546000
138.000000	26.864000	1.549000
138.250000	20.407000	1.550000
138.500000	19.713000	1.553000
138.750000	19.197000	1.555000
139.000000	19.088000	1.558000
139.250000	20.135000	1.560000
139.500000	27.231000	1.563000
139.750000	22.473000	1.565000
140.000000	21.345000	1.568000
140.250000	20.923000	1.570000
140.500000	20.610000	1.573000
140.750000	20.420000	1.575000
141.000000	20.257000	1.578000
141.250000	20.040000	1.580000
141.500000	19.876000	1.583000
141.750000	19.781000	1.585000
142.000000	19.713000	1.588000
142.250000	19.849000	1.590000
142.500000	19.958000	1.593000
142.750000	20.162000	1.595000
143.000000	20.216000	1.598000
143.250000	20.447000	1.600000
143.500000	20.352000	1.603000
143.750000	20.407000	1.605000
144.000000	20.529000	1.608000
144.250000	20.570000	1.611000
144.500000	20.502000	1.613000
144.750000	20.488000	1.616000
145.000000	20.393000	1.618000
145.250000	20.325000	1.621000
145.500000	20.434000	1.623000
145.750000	27.027000	1.625000
146.000000	27.068000	1.627000
146.250000	24.172000	1.631000
146.500000	21.739000	1.633000
146.750000	20.855000	1.636000
147.000000	20.135000	1.638000
147.250000	19.700000	1.641000
147.500000	19.496000	1.643000
147.750000	19.496000	1.646000
148.000000	20.108000	1.648000
148.250000	34.558000	1.649000
148.500000	25.939000	1.653000
148.750000	22.065000	1.656000
149.000000	22.813000	1.659000
149.250000	25.260000	1.661000
149.500000	23.914000	1.664000
149.750000	22.242000	1.666000
150.000000	23.302000	1.668000
150.250000	26.306000	1.671000
150.500000	20.950000	1.674000
150.750000	19.428000	1.676000
151.000000	19.061000	1.679000
151.250000	18.966000	1.681000
151.500000	19.197000	1.684000
151.750000	23.370000	1.686000
152.000000	22.894000	1.689000
152.250000	22.174000	1.691000
152.500000	31.322000	1.693000
152.750000	25.246000	1.696000
153.000000	22.541000	1.699000
153.250000	20.597000	1.699000
153.500000	19.605000	1.699000
153.750000	19.414000	1.699000
154.000000	21.263000	1.699000
154.250000	21.494000	1.698000
154.500000	31.119000	1.695000
154.750000	27.638000	1.699000
155.000000	24.308000	1.699000
155.250000	23.669000	1.699000
155.500000	25.300000	1.699000
155.750000	22.908000	1.699000
156.000000	21.535000	1.699000
156.250000	22.065000	1.699000
156.500000	19.251000	1.699000
156.750000	18.463000	1.699000
157.000000	18.680000	1.699000
157.250000	21.222000	1.699000
157.500000	22.405000	1.699000
157.750000	27.625000	1.699000
158.000000	19.088000	1.699000
158.250000	23.180000	1.698000
158.500000	25.654000	1.699000
158.750000	22.989000	1.699000
159.000000	21.290000	1.699000
159.250000	28.468000	1.700000
159.500000	21.426000	1.699000
159.750000	22.106000	1.699000
160.000000	23.968000	1.698000
160.250000	19.373000	1.699000
160.500000	18.490000	1.699000
160.750000	18.639000	1.699000
161.000000	18.368000	1.699000
161.250000	18.340000	1.699000
161.500000	18.218000	1.699000
161.750000	18.218000	1.699000
162.000000	17.851000	1.699000
162.250000	18.055000	1.699000
162.500000	18.653000	1.699000
162.750000	20.447000	1.699000
163.000000	33.361000	1.699000
163.250000	26.333000	1.698000
163.500000	18.748000	1.699000
163.750000	17.756000	1.699000
164.000000	17.756000	1.699000
164.250000	17.402000	1.699000
164.500000	17.797000	1.699000
164.750000	19.034000	1.699000
165.000000	33.783000	1.698000
165.250000	22.582000	1.699000
165.500000	20.651000	1.699000
165.750000	20.080000	1.699000
166.000000	21.481000	1.699000
166.250000	24.430000	1.699000
166.500000	19.224000	1.699000
166.750000	22.160000	1.699000
167.000000	22.187000	1.699000
167.250000	20.896000	1.698000
167.500000	20.706000	1.699000
167.750000	18.340000	1.699000
168.000000	18.123000	1.699000
168.250000	22.079000	1.699000
168.500000	33.049000	1.699000
168.750000	27.516000	1.699000
169.000000	22.786000	1.699000
169.250000	21.277000	1.700000
169.500000	29.243000	1.700000
169.750000	26.932000	1.698000
170.000000	18.639000	1.699000
170.250000	18.300000	1.699000
170.500000	18.517000	1.699000
170.750000	18.136000	1.699000
171.000000	17.865000	1.699000
171.250000	17.797000	1.699000
171.500000	17.769000	1.699000
171.750000	17.565000	1.699000
172.000000	17.348000	1.699000
172.250000	17.076000	1.699000
172.500000	16.995000	1.699000
172.750000	16.954000	1.699000
173.000000	16.899000	1.699000
173.250000	16.845000	1.699000
173.500000	16.859000	1.699000
173.750000	16.913000	1.699000
174.000000	16.899000	1.699000
174.250000	16.886000	1.699000
174.500000	16.859000	1.699000
174.750000	16.763000	1.699000
175.000000	16.695000	1.699000
175.250000	16.709000	1.699000
175.500000	16.899000	1.699000
175.750000	16.927000	1.699000
176.000000	17.103000	1.699000
176.250000	17.144000	1.699000
176.500000	17.878000	1.699000
176.750000	21.780000	1.696000
177.000000	25.178000	1.699000
177.250000	28.903000	1.700000
177.500000	16.763000	1.699000
177.750000	16.872000	1.699000
178.000000	16.954000	1.699000
178.250000	17.090000	1.699000
178.500000	17.022000	1.699000
178.750000	17.144000	1.699000
179.000000	17.035000	1.699000
179.250000	17.049000	1.699000
179.500000	17.022000	1.699000
179.750000	16.981000	1.699000
180.000000	16.967000	1.699000
180.250000	17.022000	1.699000
180.500000	17.130000	1.699000
180.750000	17.063000	1.699000
181.000000	17.035000	1.699000
181.250000	17.063000	1.699000
181.500000	16.981000	1.699000
181.750000	16.940000	1.699000
182.000000	17.049000	1.699000
182.250000	16.954000	1.699000
182.500000	16.954000	1.699000
182.750000	16.872000	1.699000
183.000000	16.845000	1.699000
183.250000	16.831000	1.699000
183.500000	16.791000	1.699000
183.750000	16.763000	1.699000
184.000000	16.763000	1.699000
184.250000	16.777000	1.699000
184.500000	16.777000	1.699000
184.750000	16.736000	1.699000
185.000000	16.709000	1.699000
185.250000	16.655000	1.699000
185.500000	16.695000	1.699000
185.750000	16.668000	1.699000
186.000000	16.614000	1.699000
186.250000	16.614000	1.699000
186.500000	16.587000	1.699000
186.750000	16.546000	1.699000
187.000000	16.546000	1.699000
187.250000	16.573000	1.699000
187.500000	16.573000	1.699000
187.750000	16.560000	1.699000
188.000000	16.546000	1.699000
188.250000	16.628000	1.699000
188.500000	16.532000	1.699000
188.750000	16.546000	1.699000
189.000000	16.532000	1.699000
189.250000	16.573000	1.699000
189.500000	16.532000	1.699000
189.750000	16.560000	1.699000
190.000000	16.573000	1.699000
190.250000	16.573000	1.699000
190.500000	16.587000	1.699000
190.750000	16.546000	1.699000
191.000000	16.532000	1.699000
191.250000	16.519000	1.699000
191.500000	16.505000	1.699000
191.750000	16.451000	1.699000
192.000000	16.505000	1.699000
192.250000	16.464000	1.699000
192.500000	16.478000	1.699000
192.750000	16.519000	1.699000
193.000000	16.532000	1.699000
193.250000	16.437000	1.699000
193.500000	16.464000	1.699000
193.750000	16.451000	1.699000
194.000000	16.492000	1.699000
194.250000	16.410000	1.699000
194.500000	16.451000	1.699000
194.750000	16.464000	1.699000
195.000000	16.451000	1.699000
195.250000	16.478000	1.699000
195.500000	16.478000	1.699000
195.750000	16.410000	1.699000
196.000000	16.437000	1.699000
196.250000	16.478000	1.699000
196.500000	16.424000	1.699000
196.750000	16.478000	1.699000
197.000000	16.437000	1.699000
197.250000	16.424000	1.699000
197.500000	16.464000	1.699000
197.750000	16.424000	1.699000
198.000000	16.464000	1.699000
198.250000	16.437000	1.699000
198.500000	16.315000	1.699000
198.750000	16.396000	1.699000
199.000000	16.437000	1.699000
199.250000	16.410000	1.699000
199.500000	16.505000	1.699000
199.750000	16.478000	1.699000
200.000000	16.451000	1.699000
200.250000	16.424000	1.699000
200.500000	16.396000	1.699000
200.750000	16.437000	1.699000
201.000000	16.437000	1.699000
201.250000	16.342000	1.699000
201.500000	16.328000	1.699000
201.750000	16.369000	1.699000
202.000000	16.356000	1.699000
202.250000	16.383000	1.699000
202.500000	16.383000	1.699000
202.750000	16.328000	1.699000
203.000000	16.301000	1.699000
203.250000	16.315000	1.699000
203.500000	16.288000	1.699000
203.750000	16.247000	1.699000
204.000000	16.328000	1.699000
204.250000	16.328000	1.699000
204.500000	16.274000	1.699000
204.750000	16.328000	1.699000
205.000000	16.288000	1.699000
205.250000	16.288000	1.699000
205.500000	16.301000	1.699000
205.750000	16.328000	1.699000
206.000000	16.315000	1.699000
206.250000	16.342000	1.699000
206.500000	16.315000	1.699000
206.750000	16.328000	1.699000
207.000000	16.356000	1.699000
207.250000	16.396000	1.699000
207.500000	16.410000	1.699000
207.750000	16.437000	1.699000
208.000000	16.451000	1.699000
208.250000	16.424000	1.699000
208.500000	16.451000	1.699000
208.750000	16.451000	1.699000
209.000000	16.505000	1.699000
209.250000	16.451000	1.699000
209.500000	16.437000	1.699000
209.750000	16.451000	1.699000
210.000000	16.464000	1.699000
210.250000	16.424000	1.699000
210.500000	16.451000	1.699000
210.750000	16.464000	1.699000
211.000000	16.437000	1.699000
211.250000	16.424000	1.699000
211.500000	16.478000	1.699000
211.750000	16.492000	1.699000
212.000000	16.492000	1.699000
212.250000	16.464000	1.699000
212.500000	16.424000	1.699000
212.750000	16.505000	1.699000
213.000000	16.492000	1.699000
213.250000	16.437000	1.699000
213.500000	16.424000	1.699000
213.750000	16.478000	1.699000
214.000000	16.519000	1.699000
214.250000	16.532000	1.699000
214.500000	16.505000	1.699000
214.750000	16.519000	1.699000
215.000000	16.464000	1.699000
215.250000	16.478000	1.699000
215.500000	16.464000	1.699000
215.750000	16.478000	1.699000
216.000000	16.437000	1.699000
216.250000	16.532000	1.699000
216.500000	16.492000	1.699000
216.750000	16.451000	1.699000
217.000000	16.532000	1.699000
217.250000	16.492000	1.699000
217.500000	16.492000	1.699000
217.750000	16.451000	1.699000
218.000000	16.519000	1.699000
218.250000	16.519000	1.699000
218.500000	16.492000	1.699000
218.750000	16.410000	1.699000
219.000000	16.505000	1.699000
219.250000	16.464000	1.699000
219.500000	16.628000	1.699000
219.750000	16.600000	1.699000
220.000000	16.505000	1.699000
220.250000	16.505000	1.699000
220.500000	16.478000	1.699000
220.750000	16.424000	1.699000
221.000000	16.424000	1.699000
221.250000	16.492000	1.699000
221.500000	16.546000	1.699000
221.750000	16.532000	1.699000
222.000000	16.546000	1.699000
222.250000	16.546000	1.699000
222.500000	16.505000	1.699000
222.750000	16.478000	1.699000
223.000000	16.505000	1.699000
223.250000	16.519000	1.699000
223.500000	16.560000	1.699000
223.750000	16.546000	1.699000
224.000000	16.505000	1.699000
224.250000	16.532000	1.699000
224.500000	16.560000	1.699000
224.750000	16.560000	1.699000
225.000000	16.437000	1.699000
225.250000	16.464000	1.699000
225.500000	16.519000	1.699000
225.750000	16.519000	1.699000
226.000000	16.546000	1.699000
226.250000	16.560000	1.699000
226.500000	16.519000	1.699000
226.750000	16.505000	1.699000
227.000000	16.492000	1.699000
227.250000	16.519000	1.699000
227.500000	16.451000	1.699000
227.750000	16.492000	1.699000
228.000000	16.451000	1.699000
228.250000	16.505000	1.699000
228.500000	16.532000	1.699000
228.750000	16.560000	1.699000
229.000000	16.560000	1.699000
229.250000	16.587000	1.699000
229.500000	16.546000	1.699000
229.750000	16.519000	1.699000
230.000000	16.546000	1.699000
230.250000	16.546000	1.699000
230.500000	16.505000	1.699000
230.750000	16.532000	1.699000
231.000000	16.519000	1.699000
231.250000	16.492000	1.699000
231.500000	16.532000	1.699000
231.750000	16.546000	1.699000
232.000000	16.505000	1.699000
232.250000	16.532000	1.699000
232.500000	16.492000	1.699000
232.750000	16.492000	1.699000
233.000000	16.505000	1.699000
233.250000	16.519000	1.699000
233.500000	16.492000	1.699000
233.750000	16.505000	1.699000
234.000000	16.492000	1.699000
234.250000	16.519000	1.699000
234.500000	16.546000	1.699000
234.750000	16.492000	1.699000
235.000000	16.505000	1.699000
235.250000	16.492000	1.699000
235.500000	16.492000	1.699000
235.750000	16.505000	1.699000
236.000000	16.464000	1.699000
236.250000	16.492000	1.699000
236.500000	16.478000	1.699000
236.750000	16.560000	1.699000
237.000000	16.532000	1.699000
237.250000	16.573000	1.699000
237.500000	16.587000	1.699000
237.750000	16.573000	1.699000
238.000000	16.505000	1.699000
238.250000	16.464000	1.699000
238.500000	16.492000	1.699000
238.750000	16.464000	1.699000
239.000000	16.437000	1.699000
239.250000	16.464000	1.699000
239.500000	16.478000	1.699000
239.750000	16.505000	1.699000
240.000000	16.519000	1.699000
240.250000	16.532000	1.699000
240.500000	16.437000	1.699000
240.750000	16.478000	1.699000
241.000000	16.437000	1.699000
241.250000	16.492000	1.699000
241.500000	16.437000	1.699000
241.750000	16.532000	1.699000
242.000000	16.587000	1.699000
242.250000	16.600000	1.699000
242.500000	16.600000	1.699000
242.750000	16.519000	1.699000
243.000000	16.546000	1.699000
243.250000	16.560000	1.699000
243.500000	16.519000	1.699000
243.750000	16.519000	1.699000
244.000000	16.464000	1.699000
244.250000	16.492000	1.699000
244.500000	16.505000	1.699000
244.750000	16.532000	1.699000
245.000000	16.560000	1.699000
245.250000	16.532000	1.699000
245.500000	16.505000	1.699000
245.750000	16.546000	1.699000
246.000000	16.573000	1.699000
246.250000	16.532000	1.699000
246.500000	16.628000	1.699000
246.750000	16.587000	1.699000
247.000000	16.546000	1.699000
247.250000	16.546000	1.699000
247.500000	16.505000	1.699000
247.750000	16.532000	1.699000
248.000000	16.492000	1.699000
248.250000	16.464000	1.699000
248.500000	16.451000	1.699000
248.750000	16.505000	1.699000
249.000000	16.573000	1.699000
249.250000	16.532000	1.699000
249.500000	16.410000	1.699000
249.750000	16.492000	1.699000
250.000000	16.519000	1.699000
250.250000	16.546000	1.699000
250.500000	16.560000	1.699000
250.750000	16.600000	1.699000
251.000000	16.464000	1.699000
251.250000	16.532000	1.699000
251.500000	16.478000	1.699000
251.750000	16.560000	1.699000
252.000000	16.560000	1.699000
252.250000	16.600000	1.699000
252.500000	16.532000	1.699000
252.750000	16.505000	1.699000
253.000000	16.492000	1.699000
253.250000	16.437000	1.699000
253.500000	16.464000	1.699000
253.750000	16.464000	1.699000
254.000000	16.478000	1.699000
254.250000	16.492000	1.699000
254.500000	16.519000	1.699000
254.750000	16.532000	1.699000
255.000000	16.560000	1.699000
255.250000	16.478000	1.699000
255.500000	16.532000	1.699000
255.750000	16.492000	1.699000
256.000000	16.451000	1.699000
256.250000	16.505000	1.699000
256.500000	16.478000	1.699000
256.750000	16.519000	1.699000
257.000000	16.600000	1.699000
257.250000	16.519000	1.699000
257.500000	16.478000	1.699000
257.750000	16.519000	1.699000
258.000000	16.505000	1.699000
258.250000	16.505000	1.699000
258.500000	16.505000	1.699000
258.750000	16.505000	1.699000
259.000000	16.519000	1.699000
259.250000	16.560000	1.699000
259.500000	16.600000	1.699000
259.750000	16.641000	1.699000
260.000000	16.682000	1.699000
260.250000	16.695000	1.699000
260.500000	16.655000	1.699000
260.750000	16.655000	1.699000
261.000000	16.682000	1.699000
261.250000	16.723000	1.699000
261.500000	16.628000	1.699000
261.750000	16.682000	1.699000
262.000000	16.668000	1.699000
262.250000	16.723000	1.699000
262.500000	16.723000	1.699000
262.750000	16.845000	1.699000
263.000000	16.750000	1.699000
263.250000	16.804000	1.699000
263.500000	16.791000	1.699000
263.750000	16.804000	1.699000
264.000000	16.736000	1.699000
264.250000	16.682000	1.699000
264.500000	16.763000	1.699000
264.750000	16.723000	1.699000
265.000000	16.750000	1.699000
265.250000	16.736000	1.699000
265.500000	16.736000	1.699000
265.750000	16.641000	1.699000
266.000000	16.750000	1.699000
266.250000	16.736000	1.699000
266.500000	16.723000	1.699000
266.750000	16.831000	1.699000
267.000000	16.750000	1.699000
267.250000	16.736000	1.699000
267.500000	16.777000	1.699000
267.750000	16.818000	1.699000
268.000000	16.750000	1.699000
268.250000	16.750000	1.699000
268.500000	16.763000	1.699000
268.750000	16.750000	1.699000
269.000000	16.736000	1.699000
269.250000	16.777000	1.699000
269.500000	16.695000	1.699000
269.750000	16.723000	1.699000
270.000000	16.655000	1.699000
270.250000	16.641000	1.699000
270.500000	16.573000	1.699000
270.750000	16.628000	1.699000
271.000000	16.600000	1.699000
271.250000	16.600000	1.699000
271.500000	16.682000	1.699000
271.750000	16.641000	1.699000
272.000000	16.600000	1.699000
272.250000	16.641000	1.699000
272.500000	16.655000	1.699000
272.750000	16.668000	1.699000
273.000000	16.655000	1.699000
273.250000	16.750000	1.699000
273.500000	16.723000	1.699000
273.750000	16.641000	1.699000
274.000000	16.682000	1.699000
274.250000	16.695000	1.699000
274.500000	16.831000	1.699000
274.750000	16.804000	1.699000
275.000000	16.763000	1.699000
275.250000	16.818000	1.699000
275.500000	16.791000	1.699000
275.750000	16.763000	1.699000
276.000000	16.736000	1.699000
276.250000	16.736000	1.699000
276.500000	16.777000	1.699000
276.750000	16.655000	1.699000
277.000000	16.695000	1.699000
277.250000	16.777000	1.699000
277.500000	16.736000	1.699000
277.750000	16.736000	1.699000
278.000000	16.763000	1.699000
278.250000	16.791000	1.699000
278.500000	16.763000	1.699000
278.750000	16.763000	1.699000
279.000000	16.804000	1.699000
279.250000	16.804000	1.699000
279.500000	16.750000	1.699000
279.750000	16.763000	1.699000
280.000000	16.913000	1.699000
280.250000	16.845000	1.699000
280.500000	16.859000	1.699000
280.750000	16.913000	1.699000
281.000000	16.859000	1.699000
281.250000	16.886000	1.699000
281.500000	16.940000	1.699000
281.750000	16.886000	1.699000
282.000000	16.872000	1.699000
282.250000	16.886000	1.699000
282.500000	16.845000	1.699000
282.750000	16.831000	1.699000
283.000000	16.913000	1.699000
283.250000	16.845000	1.699000
283.500000	16.859000	1.699000
283.750000	16.859000	1.699000
284.000000	16.831000	1.699000
284.250000	16.872000	1.699000
284.500000	16.940000	1.699000
284.750000	16.927000	1.699000
285.000000	16.967000	1.699000
285.250000	16.954000	1.699000
285.500000	16.913000	1.699000
285.750000	16.899000	1.699000
286.000000	16.845000	1.699000
286.250000	16.859000	1.699000
286.500000	16.927000	1.699000
286.750000	16.927000	1.699000
287.000000	16.899000	1.699000
287.250000	16.913000	1.699000
287.500000	16.804000	1.699000
287.750000	16.940000	1.699000
288.000000	16.818000	1.699000
288.250000	16.886000	1.699000
288.500000	16.831000	1.699000
288.750000	16.899000	1.699000
289.000000	16.940000	1.699000
289.250000	16.927000	1.699000
289.500000	16.995000	1.699000
289.750000	17.144000	1.699000
290.000000	17.090000	1.699000
290.250000	17.063000	1.699000
290.500000	17.090000	1.699000
290.750000	17.035000	1.699000
291.000000	17.103000	1.699000
291.250000	17.035000	1.699000
291.500000	17.063000	1.699000
291.750000	17.076000	1.699000
292.000000	17.076000	1.699000
292.250000	16.940000	1.699000
292.500000	16.899000	1.699000
292.750000	16.981000	1.699000
293.000000	16.899000	1.699000
293.250000	16.859000	1.699000
293.500000	16.940000	1.699000
293.750000	16.899000	1.699000
294.000000	16.913000	1.699000
294.250000	16.872000	1.699000
294.500000	16.831000	1.699000
294.750000	16.940000	1.699000
295.000000	16.913000	1.699000
295.250000	16.927000	1.699000
295.500000	16.927000	1.699000
295.750000	16.967000	1.699000
296.000000	16.954000	1.699000
296.250000	16.940000	1.699000
296.500000	16.859000	1.699000
296.750000	16.899000	1.699000
297.000000	16.995000	1.699000
297.250000	17.008000	1.699000
297.500000	17.076000	1.699000
297.750000	17.008000	1.699000
298.000000	16.981000	1.699000
298.250000	17.063000	1.699000
298.500000	17.035000	1.699000
298.750000	17.008000	1.699000
299.000000	17.063000	1.699000
299.250000	17.049000	1.699000
299.500000	17.103000	1.699000
299.750000	17.076000	1.699000
300.000000	17.090000	1.699000
300.250000	17.090000	1.699000
300.500000	17.076000	1.699000
300.750000	17.035000	1.699000
301.000000	17.158000	1.699000
301.250000	17.130000	1.699000
301.500000	17.117000	1.699000
301.750000	17.158000	1.699000
302.000000	17.158000	1.699000
302.250000	17.171000	1.699000
302.500000	17.171000	1.699000
302.750000	17.185000	1.699000
303.000000	17.117000	1.699000
303.250000	17.144000	1.699000
303.500000	17.117000	1.699000
303.750000	17.158000	1.699000
304.000000	17.185000	1.699000
304.250000	17.280000	1.699000
304.500000	17.185000	1.699000
304.750000	17.239000	1.699000
305.000000	17.171000	1.699000
305.250000	17.321000	1.699000
305.500000	17.266000	1.699000
305.750000	17.280000	1.699000
306.000000	17.239000	1.699000
306.250000	17.321000	1.699000
306.500000	17.348000	1.699000
306.750000	17.375000	1.699000
307.000000	17.307000	1.699000
307.250000	17.348000	1.699000
307.500000	17.362000	1.699000
307.750000	17.280000	1.699000
308.000000	17.307000	1.699000
308.250000	17.280000	1.699000
308.500000	17.375000	1.699000
308.750000	17.552000	1.699000
309.000000	17.470000	1.699000
309.250000	17.470000	1.699000
309.500000	17.484000	1.699000
309.750000	17.457000	1.699000
310.000000	17.430000	1.699000
310.250000	17.552000	1.699000
310.500000	17.402000	1.699000
310.750000	17.430000	1.699000
311.000000	17.484000	1.699000
311.250000	17.498000	1.699000
311.500000	17.430000	1.699000
311.750000	17.389000	1.699000
312.000000	17.470000	1.699000
312.250000	17.430000	1.699000
312.500000	17.402000	1.699000
312.750000	17.416000	1.699000
313.000000	17.402000	1.699000
313.250000	17.402000	1.699000
313.500000	17.416000	1.699000
313.750000	17.565000	1.699000
314.000000	17.525000	1.699000
314.250000	17.470000	1.699000
314.500000	17.470000	1.699000
314.750000	17.334000	1.699000
315.000000	17.375000	1.699000
315.250000	17.430000	1.699000
315.500000	17.389000	1.699000
315.750000	17.362000	1.699000
316.000000	17.402000	1.699000
316.250000	17.375000	1.699000
316.500000	17.416000	1.699000
316.750000	17.375000	1.699000
317.000000	17.389000	1.699000
317.250000	17.375000	1.699000
317.500000	17.280000	1.699000
317.750000	17.253000	1.699000
318.000000	17.158000	1.699000
318.250000	17.212000	1.699000
318.500000	17.334000	1.699000
318.750000	17.307000	1.699000
319.000000	17.375000	1.699000
319.250000	17.321000	1.699000
319.500000	17.294000	1.699000
319.750000	17.389000	1.699000
320.000000	17.348000	1.699000
320.250000	17.389000	1.699000
320.500000	17.253000	1.699000
320.750000	17.334000	1.699000
321.000000	17.307000	1.699000
321.250000	17.280000	1.699000
321.500000	17.389000	1.699000
321.750000	17.280000	1.699000
322.000000	17.212000	1.699000
322.250000	17.226000	1.699000
322.500000	17.198000	1.699000
322.750000	17.239000	1.699000
323.000000	17.239000	1.699000
323.250000	17.226000	1.699000
323.500000	17.280000	1.699000
323.750000	17.266000	1.699000
324.000000	17.253000	1.699000
324.250000	17.280000	1.699000
324.500000	17.239000	1.699000
324.750000	17.280000	1.699000
325.000000	17.280000	1.699000
325.250000	17.226000	1.699000
325.500000	17.430000	1.699000
325.750000	17.389000	1.699000
326.000000	17.334000	1.699000
326.250000	17.402000	1.699000
326.500000	17.117000	1.699000
326.750000	17.280000	1.699000
327.000000	17.294000	1.699000
327.250000	17.334000	1.699000
327.500000	17.294000	1.699000
327.750000	17.348000	1.699000
328.000000	17.389000	1.699000
328.250000	17.430000	1.699000
328.500000	17.348000	1.699000
328.750000	17.321000	1.699000
329.000000	17.307000	1.699000
329.250000	17.362000	1.699000
329.500000	17.334000	1.699000
329.750000	17.362000	1.699000
330.000000	17.334000	1.699000
330.250000	17.334000	1.699000
330.500000	17.362000	1.699000
330.750000	17.457000	1.699000
331.000000	17.457000	1.699000
331.250000	17.375000	1.699000
331.500000	17.416000	1.699000
331.750000	17.321000	1.699000
332.000000	17.294000	1.699000
332.250000	17.266000	1.699000
332.500000	17.334000	1.699000
332.750000	17.294000	1.699000
333.000000	17.362000	1.699000
333.250000	17.389000	1.699000
333.500000	17.348000	1.699000
333.750000	17.362000	1.699000
334.000000	17.307000	1.699000
334.250000	17.334000	1.699000
334.500000	17.294000	1.699000
334.750000	17.307000	1.699000
335.000000	17.348000	1.699000
335.250000	17.348000	1.699000
335.500000	17.294000	1.699000
335.750000	17.280000	1.699000
336.000000	17.362000	1.699000
336.250000	17.280000	1.699000
336.500000	17.321000	1.699000
336.750000	17.307000	1.699000
337.000000	17.239000	1.699000
337.250000	17.280000	1.699000
337.500000	17.348000	1.699000
337.750000	17.321000	1.699000
338.000000	17.294000	1.699000
338.250000	17.389000	1.699000
338.500000	17.375000	1.699000
338.750000	17.362000	1.699000
339.000000	17.402000	1.699000
339.250000	17.266000	1.699000
339.500000	17.321000	1.699000
339.750000	17.389000	1.699000
340.000000	17.307000	1.699000
340.250000	17.416000	1.699000
340.500000	17.348000	1.699000
340.750000	17.348000	1.699000
341.000000	17.348000	1.699000
341.250000	17.307000	1.699000
341.500000	17.266000	1.699000
341.750000	17.280000	1.699000
342.000000	17.253000	1.699000
342.250000	17.239000	1.699000
342.500000	17.294000	1.699000
342.750000	17.212000	1.699000
343.000000	17.294000	1.699000
343.250000	17.334000	1.699000
343.500000	17.348000	1.699000
343.750000	17.266000	1.699000
344.000000	17.334000	1.699000
344.250000	17.294000	1.699000
344.500000	17.280000	1.699000
344.750000	17.321000	1.699000
345.000000	17.253000	1.699000
345.250000	17.402000	1.699000
345.500000	17.266000	1.699000
345.750000	17.294000	1.699000
346.000000	17.362000	1.699000
346.250000	17.375000	1.699000
346.500000	17.334000	1.699000
346.750000	17.280000	1.699000
347.000000	17.321000	1.699000
347.250000	17.334000	1.699000
347.500000	17.307000	1.699000
347.750000	17.294000	1.699000
348.000000	17.307000	1.699000
348.250000	17.389000	1.699000
348.500000	17.321000	1.699000
348.750000	17.321000	1.699000
349.000000	17.280000	1.699000
349.250000	17.307000	1.699000
349.500000	17.321000	1.699000
349.750000	17.334000	1.699000
350.000000	17.334000	1.699000
350.250000	17.321000	1.699000
350.500000	17.294000	1.699000
350.750000	17.348000	1.699000
351.000000	17.307000	1.699000
351.250000	17.334000	1.699000
351.500000	17.389000	1.699000
351.750000	17.362000	1.699000
352.000000	17.362000	1.699000
352.250000	17.375000	1.699000
352.500000	17.389000	1.699000
352.750000	17.389000	1.699000
353.000000	17.321000	1.699000
353.250000	17.375000	1.699000
353.500000	17.280000	1.699000
353.750000	17.416000	1.699000
354.000000	17.484000	1.699000
354.250000	17.402000	1.699000
354.500000	17.457000	1.699000
354.750000	17.552000	1.699000
355.000000	17.525000	1.699000
355.250000	17.498000	1.699000
355.500000	17.511000	1.699000
355.750000	17.484000	1.699000
356.000000	17.525000	1.699000
356.250000	17.525000	1.699000
356.500000	17.593000	1.699000
356.750000	17.498000	1.699000
357.000000	17.498000	1.699000
357.250000	17.525000	1.699000
357.500000	17.525000	1.699000
357.750000	17.511000	1.699000
358.000000	17.511000	1.699000
358.250000	17.484000	1.699000
358.500000	17.552000	1.699000
358.750000	17.484000	1.699000
359.000000	17.511000	1.699000
359.250000	17.498000	1.699000
359.500000	17.484000	1.699000
359.750000	17.498000	1.699000
360.000000	17.511000	1.699000
